Date,Andaman and Nicobar Islands,Andhra Pradesh,Bihar,Chhattisgarh,Delhi,Goa,Gujarat,Haryana,Himachal Pradesh,J and K,Jharkhand,Karnataka,Kerala,Madhya Pradesh,Maharashtra,NorthEast,Odisha,Punjab,Rajasthan,Tamil Nadu,Telengana,Uttar Pradesh,Uttarakhand,West Bengal,India
2020-01-31,0,0,0,0,0,0,0,0,0,0,0,0,1,0,0,0,0,0,0,0,0,0,0,0,1.0
2020-02-02,0,0,0,0,0,0,0,0,0,0,0,0,3,0,0,0,0,0,0,0,0,0,0,0,3.0
2020-02-04,0,0,0,0,0,0,0,0,0,0,0,0,3,0,0,0,0,0,0,0,0,0,0,0,3.0
2020-02-06,0,0,0,0,0,0,0,0,0,0,0,0,3,0,0,0,0,0,0,0,0,0,0,0,3.0
2020-02-08,0,0,0,0,0,0,0,0,0,0,0,0,3,0,0,0,0,0,0,0,0,0,0,0,3.0
2020-02-10,0,0,0,0,0,0,0,0,0,0,0,0,3,0,0,0,0,0,0,0,0,0,0,0,3.0
2020-02-12,0,0,0,0,0,0,0,0,0,0,0,0,3,0,0,0,0,0,0,0,0,0,0,0,3.0
2020-02-14,0,0,0,0,0,0,0,0,0,0,0,0,3,0,0,0,0,0,0,0,0,0,0,0,3.0
2020-02-16,0,0,0,0,0,0,0,0,0,0,0,0,3,0,0,0,0,0,0,0,0,0,0,0,3.0
2020-02-18,0,0,0,0,0,0,0,0,0,0,0,0,3,0,0,0,0,0,0,0,0,0,0,0,3.0
2020-02-20,0,0,0,0,0,0,0,0,0,0,0,0,3,0,0,0,0,0,0,0,0,0,0,0,3.0
2020-02-22,0,0,0,0,0,0,0,0,0,0,0,0,3,0,0,0,0,0,0,0,0,0,0,0,3.0
2020-02-24,0,0,0,0,0,0,0,0,0,0,0,0,3,0,0,0,0,0,0,0,0,0,0,0,3.0
2020-02-26,0,0,0,0,0,0,0,0,0,0,0,0,3,0,0,0,0,0,0,0,0,0,0,0,3.0
2020-02-28,0,0,0,0,0,0,0,0,0,0,0,0,3,0,0,0,0,0,0,0,0,0,0,0,3.0
2020-03-01,0,0,0,0,0,0,0,0,0,0,0,0,3,0,0,0,0,0,0,0,0,0,0,0,3.0
2020-03-03,0,0,0,0,1,0,0,0,0,0,0,0,3,0,0,0,0,0,0,0,1,0,0,0,5.0
2020-03-05,0,0,0,0,2,0,0,14,0,0,0,0,3,0,0,0,0,0,1,0,1,7,0,0,28.0
2020-03-07,0,0,0,0,3,0,0,14,0,2,0,0,3,0,0,0,0,0,1,1,1,7,0,0,32.0
2020-03-09,0,0,0,0,4,0,0,14,0,3,0,1,9,0,2,0,0,1,1,1,1,7,0,0,44.0
2020-03-11,0,0,0,0,5,0,0,14,0,3,0,4,17,0,10,0,0,1,3,1,1,9,0,0,68.0
2020-03-13,0,1,0,0,6,0,0,14,0,4,0,5,17,0,11,0,0,1,3,1,1,11,0,0,75.0
2020-03-15,0,1,0,0,7,0,0,14,0,5,0,6,23,0,32,0,0,1,4,1,3,13,1,0,111.0
2020-03-17,0,1,0,0,8,0,0,15,0,9,0,11,26,0,39,0,1,1,4,1,5,15,1,0,137.0
2020-03-19,0,2,0,1,12,0,0,17,0,12,0,14,27,0,47,0,1,2,7,2,6,19,1,1,171.0
2020-03-21,0,3,0,1,26,0,7,17,2,17,0,15,40,4,63,0,2,13,17,3,21,24,3,3,281.0
2020-03-23,0,7,2,1,29,0,29,26,2,17,0,33,67,6,74,0,2,21,28,9,32,31,3,7,426.0
2020-03-25,0,9,4,1,31,0,38,28,3,20,0,41,109,14,128,2,2,29,36,18,35,37,4,9,598.0
2020-03-27,1,12,6,6,36,3,43,30,3,26,0,55,137,20,130,2,2,33,41,29,45,41,5,10,716.0
2020-03-29,9,14,9,6,39,3,53,33,3,44,0,76,182,30,186,2,3,38,54,42,66,55,6,18,971.0
2020-03-31,10,40,15,8,97,5,73,40,3,67,0,83,234,47,216,2,3,41,74,74,79,101,7,26,1345.0
2020-04-02,10,86,23,9,152,5,82,43,3,75,1,110,265,99,335,3,4,46,108,234,96,113,7,0,1909.0
2020-04-04,10,161,29,9,386,6,95,49,6,89,2,128,295,104,423,28,5,53,179,411,158,174,16,69,2885.0
2020-04-06,10,226,30,9,503,7,122,84,13,120,3,151,314,165,690,30,21,68,253,571,321,227,26,80,4044.0
2020-04-08,10,305,38,10,576,7,165,147,18,130,4,175,336,229,1018,32,42,91,328,690,364,326,31,99,5171.0
2020-04-10,11,348,39,10,720,7,241,169,18,173,13,181,357,259,1364,34,44,101,463,834,442,410,35,116,6389.0
2020-04-12,11,381,63,18,1069,7,432,177,32,222,17,214,364,532,1761,35,50,151,700,969,504,452,35,134,8330.0
2020-04-14,11,473,66,31,1510,7,617,199,32,285,24,258,379,730,2337,28,55,176,879,1173,624,657,35,190,10776.0
2020-04-16,11,525,70,33,1578,7,766,205,35,317,28,279,388,987,2916,46,60,186,1023,1242,647,735,37,231,12352.0
2020-04-18,12,572,83,36,1707,7,1099,225,36,346,33,359,396,1310,3323,50,60,202,1229,1323,766,849,40,287,14350.0
2020-04-20,15,646,93,36,2003,7,1743,233,39,368,42,390,402,1407,4203,52,68,219,1478,1477,844,1084,44,339,17232.0
2020-04-22,16,757,126,36,2156,7,2178,254,39,398,45,418,427,1552,5218,53,79,245,1659,1596,928,1294,46,423,19950.0
2020-04-24,22,895,153,36,2376,7,2624,272,40,445,53,445,447,1699,6430,54,90,277,1964,1683,960,1510,47,514,23043.0
2020-04-26,33,1061,243,37,2625,7,3071,289,40,514,67,500,457,2096,7628,54,94,298,2083,1821,991,1843,48,611,26511.0
2020-04-28,33,1183,345,37,3108,7,3548,296,40,566,82,512,481,2168,8590,54,118,313,2262,1937,1004,1955,51,697,29387.0
2020-04-30,33,1332,392,38,3439,7,4082,310,40,603,107,535,495,2561,9915,56,125,357,2438,2162,1012,2134,55,758,32986.0
2020-05-02,33,1463,471,43,3738,7,4721,360,40,661,111,589,497,2719,11506,61,149,480,2666,2526,1039,2328,58,795,37061.0
2020-05-04,33,1583,503,57,4549,7,5428,442,40,742,115,614,500,2846,12974,75,162,1102,2886,3023,1082,2645,60,963,42431.0
2020-05-06,33,1717,536,59,5104,7,6245,548,42,782,125,671,502,3049,15525,102,175,1451,3158,4058,1096,2880,61,1344,49270.0
2020-05-08,33,1847,550,59,5980,7,7012,625,46,835,132,705,503,3252,17974,135,219,1644,3427,5409,1123,3071,61,1548,56197.0
2020-05-10,33,1930,591,59,6542,7,7796,675,50,878,156,794,505,3614,20228,214,294,1762,3708,6535,1163,3373,67,1786,62760.0
2020-05-12,33,2018,747,59,7233,7,8541,730,59,921,160,862,519,3785,23401,234,414,1877,3988,8002,1275,3573,68,2063,70569.0
2020-05-14,33,2137,940,59,7998,7,9267,793,66,1014,173,959,534,4173,25922,252,538,1924,4328,9227,1367,3729,72,2290,77802.0
2020-05-16,33,2307,1018,66,8895,15,9931,818,76,1056,203,1056,576,4595,29100,264,672,1935,4727,10108,1454,4057,82,2461,85505.0
2020-05-18,33,2407,1262,86,10054,29,11379,910,80,1226,223,1147,601,4977,33053,290,828,1964,5202,11224,1551,4259,92,2677,95554.0
2020-05-20,33,2532,1498,101,10554,46,12140,964,92,1360,231,1397,642,5465,37136,339,978,2002,5845,12448,1634,4926,111,2961,105435.0
2020-05-22,33,2647,1982,128,11659,52,12905,1031,152,1493,290,1605,690,5981,41642,417,1103,2028,6227,13967,1699,5515,146,3197,116589.0
2020-05-24,33,2757,2380,214,12910,55,13664,1131,185,1618,350,1959,795,6371,47190,564,1269,2045,6742,15512,1813,6017,244,3459,129277.0
2020-05-26,33,3110,2730,291,14053,67,14460,1184,223,1720,377,2182,896,6859,52667,780,1438,2060,7300,17082,1920,6532,349,3816,142129.0
